1 1000 1 1 static 10 49.5
1 7777 1 1 static 10 49.5
1 100000 1 1 static 10 49.5
1 1000 10 1 static 10 49.5
1 7777 10 1 static 10 49.5
1 100000 10 1 static 10 49.5
1 1000 100 1 static 10 49.5
1 7777 100 1 static 10 49.5
1 100000 100 1 static 10 49.5
2 1000 1 1 static 10 333
2 7777 1 1 static 10 333
2 100000 1 1 static 10 333
2 1000 10 1 static 10 333
2 7777 10 1 static 10 333
2 100000 10 1 static 10 333
2 1000 100 1 static 10 333
2 7777 100 1 static 10 333
2 100000 100 1 static 10 333
3 1000 1 1 static 10 1.37938
3 7777 1 1 static 10 1.37937
3 100000 1 1 static 10 1.37937
3 1000 10 1 static 10 1.37938
3 7777 10 1 static 10 1.37937
3 100000 10 1 static 10 1.37937
3 1000 100 1 static 10 1.37938
3 7777 100 1 static 10 1.37937
3 100000 100 1 static 10 1.37937
4 1000 1 1 static 10 9.81448
4 7777 1 1 static 10 9.81448
4 100000 1 1 static 10 9.81448
4 1000 10 1 static 10 9.81448
4 7777 10 1 static 10 9.81448
4 100000 10 1 static 10 9.81448
4 1000 100 1 static 10 9.81448
4 7777 100 1 static 10 9.81448
4 100000 100 1 static 10 9.81448
1 1000 1 1 static 100 49.5
1 7777 1 1 static 100 49.5
1 100000 1 1 static 100 49.5
1 1000 10 1 static 100 49.5
1 7777 10 1 static 100 49.5
1 100000 10 1 static 100 49.5
1 1000 100 1 static 100 49.5
1 7777 100 1 static 100 49.5
1 100000 100 1 static 100 49.5
2 1000 1 1 static 100 333
2 7777 1 1 static 100 333
2 100000 1 1 static 100 333
2 1000 10 1 static 100 333
2 7777 10 1 static 100 333
2 100000 10 1 static 100 333
2 1000 100 1 static 100 333
2 7777 100 1 static 100 333
2 100000 100 1 static 100 333
3 1000 1 1 static 100 1.37938
3 7777 1 1 static 100 1.37937
3 100000 1 1 static 100 1.37937
3 1000 10 1 static 100 1.37938
3 7777 10 1 static 100 1.37937
3 100000 10 1 static 100 1.37937
3 1000 100 1 static 100 1.37938
3 7777 100 1 static 100 1.37937
3 100000 100 1 static 100 1.37937
4 1000 1 1 static 100 9.81448
4 7777 1 1 static 100 9.81448
4 100000 1 1 static 100 9.81448
4 1000 10 1 static 100 9.81448
4 7777 10 1 static 100 9.81448
4 100000 10 1 static 100 9.81448
4 1000 100 1 static 100 9.81448
4 7777 100 1 static 100 9.81448
4 100000 100 1 static 100 9.81448
1 1000 1 1 static 111 49.5
1 7777 1 1 static 111 49.5
1 100000 1 1 static 111 49.5
1 1000 10 1 static 111 49.5
1 7777 10 1 static 111 49.5
1 100000 10 1 static 111 49.5
1 1000 100 1 static 111 49.5
1 7777 100 1 static 111 49.5
1 100000 100 1 static 111 49.5
2 1000 1 1 static 111 333
2 7777 1 1 static 111 333
2 100000 1 1 static 111 333
2 1000 10 1 static 111 333
2 7777 10 1 static 111 333
2 100000 10 1 static 111 333
2 1000 100 1 static 111 333
2 7777 100 1 static 111 333
2 100000 100 1 static 111 333
3 1000 1 1 static 111 1.37938
3 7777 1 1 static 111 1.37937
3 100000 1 1 static 111 1.37937
3 1000 10 1 static 111 1.37938
3 7777 10 1 static 111 1.37937
3 100000 10 1 static 111 1.37937
3 1000 100 1 static 111 1.37938
3 7777 100 1 static 111 1.37937
3 100000 100 1 static 111 1.37937
4 1000 1 1 static 111 9.81448
4 7777 1 1 static 111 9.81448
4 100000 1 1 static 111 9.81448
4 1000 10 1 static 111 9.81448
4 7777 10 1 static 111 9.81448
4 100000 10 1 static 111 9.81448
4 1000 100 1 static 111 9.81448
4 7777 100 1 static 111 9.81448
4 100000 100 1 static 111 9.81448
1 1000 1 2 static 10 49.5
1 7777 1 2 static 10 49.5
1 100000 1 2 static 10 49.5
1 1000 10 2 static 10 49.5
1 7777 10 2 static 10 49.5
1 100000 10 2 static 10 49.5
1 1000 100 2 static 10 49.5
1 7777 100 2 static 10 49.5
1 100000 100 2 static 10 49.5
2 1000 1 2 static 10 333
2 7777 1 2 static 10 333
2 100000 1 2 static 10 333
2 1000 10 2 static 10 333
2 7777 10 2 static 10 333
2 100000 10 2 static 10 333
2 1000 100 2 static 10 333
2 7777 100 2 static 10 333
2 100000 100 2 static 10 333
3 1000 1 2 static 10 1.37938
3 7777 1 2 static 10 1.37937
3 100000 1 2 static 10 1.37937
3 1000 10 2 static 10 1.37938
3 7777 10 2 static 10 1.37937
3 100000 10 2 static 10 1.37937
3 1000 100 2 static 10 1.37938
3 7777 100 2 static 10 1.37937
3 100000 100 2 static 10 1.37937
4 1000 1 2 static 10 9.81448
4 7777 1 2 static 10 9.81448
4 100000 1 2 static 10 9.81448
4 1000 10 2 static 10 9.81448
4 7777 10 2 static 10 9.81448
4 100000 10 2 static 10 9.81448
4 1000 100 2 static 10 9.81448
4 7777 100 2 static 10 9.81448
4 100000 100 2 static 10 9.81448
1 1000 1 2 static 100 49.5
1 7777 1 2 static 100 49.5
1 100000 1 2 static 100 49.5
1 1000 10 2 static 100 49.5
1 7777 10 2 static 100 49.5
1 100000 10 2 static 100 49.5
1 1000 100 2 static 100 49.5
1 7777 100 2 static 100 49.5
1 100000 100 2 static 100 49.5
2 1000 1 2 static 100 333
2 7777 1 2 static 100 333
2 100000 1 2 static 100 333
2 1000 10 2 static 100 333
2 7777 10 2 static 100 333
2 100000 10 2 static 100 333
2 1000 100 2 static 100 333
2 7777 100 2 static 100 333
2 100000 100 2 static 100 333
3 1000 1 2 static 100 1.37938
3 7777 1 2 static 100 1.37937
3 100000 1 2 static 100 1.37937
3 1000 10 2 static 100 1.37938
3 7777 10 2 static 100 1.37937
3 100000 10 2 static 100 1.37937
3 1000 100 2 static 100 1.37938
3 7777 100 2 static 100 1.37937
3 100000 100 2 static 100 1.37937
4 1000 1 2 static 100 9.81448
4 7777 1 2 static 100 9.81448
4 100000 1 2 static 100 9.81448
4 1000 10 2 static 100 9.81448
4 7777 10 2 static 100 9.81448
4 100000 10 2 static 100 9.81448
4 1000 100 2 static 100 9.81448
4 7777 100 2 static 100 9.81448
4 100000 100 2 static 100 9.81448
1 1000 1 2 static 111 49.5
1 7777 1 2 static 111 49.5
1 100000 1 2 static 111 49.5
1 1000 10 2 static 111 49.5
1 7777 10 2 static 111 49.5
1 100000 10 2 static 111 49.5
1 1000 100 2 static 111 49.5
1 7777 100 2 static 111 49.5
1 100000 100 2 static 111 49.5
2 1000 1 2 static 111 333
2 7777 1 2 static 111 333
2 100000 1 2 static 111 333
2 1000 10 2 static 111 333
2 7777 10 2 static 111 333
2 100000 10 2 static 111 333
2 1000 100 2 static 111 333
2 7777 100 2 static 111 333
2 100000 100 2 static 111 333
3 1000 1 2 static 111 1.37938
3 7777 1 2 static 111 1.37937
3 100000 1 2 static 111 1.37937
3 1000 10 2 static 111 1.37938
3 7777 10 2 static 111 1.37937
3 100000 10 2 static 111 1.37937
3 1000 100 2 static 111 1.37938
3 7777 100 2 static 111 1.37937
3 100000 100 2 static 111 1.37937
4 1000 1 2 static 111 9.81448
4 7777 1 2 static 111 9.81448
4 100000 1 2 static 111 9.81448
4 1000 10 2 static 111 9.81448
4 7777 10 2 static 111 9.81448
4 100000 10 2 static 111 9.81448
4 1000 100 2 static 111 9.81448
4 7777 100 2 static 111 9.81448
4 100000 100 2 static 111 9.81448
1 1000 1 4 static 10 49.5
1 7777 1 4 static 10 49.5
1 100000 1 4 static 10 49.5
1 1000 10 4 static 10 49.5
1 7777 10 4 static 10 49.5
1 100000 10 4 static 10 49.5
1 1000 100 4 static 10 49.5
1 7777 100 4 static 10 49.5
1 100000 100 4 static 10 49.5
2 1000 1 4 static 10 333
2 7777 1 4 static 10 333
2 100000 1 4 static 10 333
2 1000 10 4 static 10 333
2 7777 10 4 static 10 333
2 100000 10 4 static 10 333
2 1000 100 4 static 10 333
2 7777 100 4 static 10 333
2 100000 100 4 static 10 333
3 1000 1 4 static 10 1.37938
3 7777 1 4 static 10 1.37937
3 100000 1 4 static 10 1.37937
3 1000 10 4 static 10 1.37938
3 7777 10 4 static 10 1.37937
3 100000 10 4 static 10 1.37937
3 1000 100 4 static 10 1.37938
3 7777 100 4 static 10 1.37937
3 100000 100 4 static 10 1.37937
4 1000 1 4 static 10 9.81448
4 7777 1 4 static 10 9.81448
4 100000 1 4 static 10 9.81448
4 1000 10 4 static 10 9.81448
4 7777 10 4 static 10 9.81448
4 100000 10 4 static 10 9.81448
4 1000 100 4 static 10 9.81448
4 7777 100 4 static 10 9.81448
4 100000 100 4 static 10 9.81448
1 1000 1 4 static 100 49.5
1 7777 1 4 static 100 49.5
1 100000 1 4 static 100 49.5
1 1000 10 4 static 100 49.5
1 7777 10 4 static 100 49.5
1 100000 10 4 static 100 49.5
1 1000 100 4 static 100 49.5
1 7777 100 4 static 100 49.5
1 100000 100 4 static 100 49.5
2 1000 1 4 static 100 333
2 7777 1 4 static 100 333
2 100000 1 4 static 100 333
2 1000 10 4 static 100 333
2 7777 10 4 static 100 333
2 100000 10 4 static 100 333
2 1000 100 4 static 100 333
2 7777 100 4 static 100 333
2 100000 100 4 static 100 333
3 1000 1 4 static 100 1.37938
3 7777 1 4 static 100 1.37937
3 100000 1 4 static 100 1.37937
3 1000 10 4 static 100 1.37938
3 7777 10 4 static 100 1.37937
3 100000 10 4 static 100 1.37937
3 1000 100 4 static 100 1.37938
3 7777 100 4 static 100 1.37937
3 100000 100 4 static 100 1.37937
4 1000 1 4 static 100 9.81448
4 7777 1 4 static 100 9.81448
4 100000 1 4 static 100 9.81448
4 1000 10 4 static 100 9.81448
4 7777 10 4 static 100 9.81448
4 100000 10 4 static 100 9.81448
4 1000 100 4 static 100 9.81448
4 7777 100 4 static 100 9.81448
4 100000 100 4 static 100 9.81448
1 1000 1 4 static 111 49.5
1 7777 1 4 static 111 49.5
1 100000 1 4 static 111 49.5
1 1000 10 4 static 111 49.5
1 7777 10 4 static 111 49.5
1 100000 10 4 static 111 49.5
1 1000 100 4 static 111 49.5
1 7777 100 4 static 111 49.5
1 100000 100 4 static 111 49.5
2 1000 1 4 static 111 333
2 7777 1 4 static 111 333
2 100000 1 4 static 111 333
2 1000 10 4 static 111 333
2 7777 10 4 static 111 333
2 100000 10 4 static 111 333
2 1000 100 4 static 111 333
2 7777 100 4 static 111 333
2 100000 100 4 static 111 333
3 1000 1 4 static 111 1.37938
3 7777 1 4 static 111 1.37937
3 100000 1 4 static 111 1.37937
3 1000 10 4 static 111 1.37938
3 7777 10 4 static 111 1.37937
3 100000 10 4 static 111 1.37937
3 1000 100 4 static 111 1.37938
3 7777 100 4 static 111 1.37937
3 100000 100 4 static 111 1.37937
4 1000 1 4 static 111 9.81448
4 7777 1 4 static 111 9.81448
4 100000 1 4 static 111 9.81448
4 1000 10 4 static 111 9.81448
4 7777 10 4 static 111 9.81448
4 100000 10 4 static 111 9.81448
4 1000 100 4 static 111 9.81448
4 7777 100 4 static 111 9.81448
4 100000 100 4 static 111 9.81448
1 1000 1 1 dynamic 10 49.5
1 7777 1 1 dynamic 10 49.5
1 100000 1 1 dynamic 10 49.5
1 1000 10 1 dynamic 10 49.5
1 7777 10 1 dynamic 10 49.5
1 100000 10 1 dynamic 10 49.5
1 1000 100 1 dynamic 10 49.5
1 7777 100 1 dynamic 10 49.5
1 100000 100 1 dynamic 10 49.5
2 1000 1 1 dynamic 10 333
2 7777 1 1 dynamic 10 333
2 100000 1 1 dynamic 10 333
2 1000 10 1 dynamic 10 333
2 7777 10 1 dynamic 10 333
2 100000 10 1 dynamic 10 333
2 1000 100 1 dynamic 10 333
2 7777 100 1 dynamic 10 333
2 100000 100 1 dynamic 10 333
3 1000 1 1 dynamic 10 1.37938
3 7777 1 1 dynamic 10 1.37937
3 100000 1 1 dynamic 10 1.37937
3 1000 10 1 dynamic 10 1.37938
3 7777 10 1 dynamic 10 1.37937
3 100000 10 1 dynamic 10 1.37937
3 1000 100 1 dynamic 10 1.37938
3 7777 100 1 dynamic 10 1.37937
3 100000 100 1 dynamic 10 1.37937
4 1000 1 1 dynamic 10 9.81448
4 7777 1 1 dynamic 10 9.81448
4 100000 1 1 dynamic 10 9.81448
4 1000 10 1 dynamic 10 9.81448
4 7777 10 1 dynamic 10 9.81448
4 100000 10 1 dynamic 10 9.81448
4 1000 100 1 dynamic 10 9.81448
4 7777 100 1 dynamic 10 9.81448
4 100000 100 1 dynamic 10 9.81448
1 1000 1 1 dynamic 100 49.5
1 7777 1 1 dynamic 100 49.5
1 100000 1 1 dynamic 100 49.5
1 1000 10 1 dynamic 100 49.5
1 7777 10 1 dynamic 100 49.5
1 100000 10 1 dynamic 100 49.5
1 1000 100 1 dynamic 100 49.5
1 7777 100 1 dynamic 100 49.5
1 100000 100 1 dynamic 100 49.5
2 1000 1 1 dynamic 100 333
2 7777 1 1 dynamic 100 333
2 100000 1 1 dynamic 100 333
2 1000 10 1 dynamic 100 333
2 7777 10 1 dynamic 100 333
2 100000 10 1 dynamic 100 333
2 1000 100 1 dynamic 100 333
2 7777 100 1 dynamic 100 333
2 100000 100 1 dynamic 100 333
3 1000 1 1 dynamic 100 1.37938
3 7777 1 1 dynamic 100 1.37937
3 100000 1 1 dynamic 100 1.37937
3 1000 10 1 dynamic 100 1.37938
3 7777 10 1 dynamic 100 1.37937
3 100000 10 1 dynamic 100 1.37937
3 1000 100 1 dynamic 100 1.37938
3 7777 100 1 dynamic 100 1.37937
3 100000 100 1 dynamic 100 1.37937
4 1000 1 1 dynamic 100 9.81448
4 7777 1 1 dynamic 100 9.81448
4 100000 1 1 dynamic 100 9.81448
4 1000 10 1 dynamic 100 9.81448
4 7777 10 1 dynamic 100 9.81448
4 100000 10 1 dynamic 100 9.81448
4 1000 100 1 dynamic 100 9.81448
4 7777 100 1 dynamic 100 9.81448
4 100000 100 1 dynamic 100 9.81448
1 1000 1 1 dynamic 111 49.5
1 7777 1 1 dynamic 111 49.5
1 100000 1 1 dynamic 111 49.5
1 1000 10 1 dynamic 111 49.5
1 7777 10 1 dynamic 111 49.5
1 100000 10 1 dynamic 111 49.5
1 1000 100 1 dynamic 111 49.5
1 7777 100 1 dynamic 111 49.5
1 100000 100 1 dynamic 111 49.5
2 1000 1 1 dynamic 111 333
2 7777 1 1 dynamic 111 333
2 100000 1 1 dynamic 111 333
2 1000 10 1 dynamic 111 333
2 7777 10 1 dynamic 111 333
2 100000 10 1 dynamic 111 333
2 1000 100 1 dynamic 111 333
2 7777 100 1 dynamic 111 333
2 100000 100 1 dynamic 111 333
3 1000 1 1 dynamic 111 1.37938
3 7777 1 1 dynamic 111 1.37937
3 100000 1 1 dynamic 111 1.37937
3 1000 10 1 dynamic 111 1.37938
3 7777 10 1 dynamic 111 1.37937
3 100000 10 1 dynamic 111 1.37937
3 1000 100 1 dynamic 111 1.37938
3 7777 100 1 dynamic 111 1.37937
3 100000 100 1 dynamic 111 1.37937
4 1000 1 1 dynamic 111 9.81448
4 7777 1 1 dynamic 111 9.81448
4 100000 1 1 dynamic 111 9.81448
4 1000 10 1 dynamic 111 9.81448
4 7777 10 1 dynamic 111 9.81448
4 100000 10 1 dynamic 111 9.81448
4 1000 100 1 dynamic 111 9.81448
4 7777 100 1 dynamic 111 9.81448
4 100000 100 1 dynamic 111 9.81448
1 1000 1 2 dynamic 10 49.5
1 7777 1 2 dynamic 10 49.5
1 100000 1 2 dynamic 10 49.5
1 1000 10 2 dynamic 10 49.5
1 7777 10 2 dynamic 10 49.5
1 100000 10 2 dynamic 10 49.5
1 1000 100 2 dynamic 10 49.5
1 7777 100 2 dynamic 10 49.5
1 100000 100 2 dynamic 10 49.5
2 1000 1 2 dynamic 10 333
2 7777 1 2 dynamic 10 333
2 100000 1 2 dynamic 10 333
2 1000 10 2 dynamic 10 333
2 7777 10 2 dynamic 10 333
2 100000 10 2 dynamic 10 333
2 1000 100 2 dynamic 10 333
2 7777 100 2 dynamic 10 333
2 100000 100 2 dynamic 10 333
3 1000 1 2 dynamic 10 1.37938
3 7777 1 2 dynamic 10 1.37937
3 100000 1 2 dynamic 10 1.37937
3 1000 10 2 dynamic 10 1.37938
3 7777 10 2 dynamic 10 1.37937
3 100000 10 2 dynamic 10 1.37937
3 1000 100 2 dynamic 10 1.37938
3 7777 100 2 dynamic 10 1.37937
3 100000 100 2 dynamic 10 1.37937
4 1000 1 2 dynamic 10 9.81448
4 7777 1 2 dynamic 10 9.81448
4 100000 1 2 dynamic 10 9.81448
4 1000 10 2 dynamic 10 9.81448
4 7777 10 2 dynamic 10 9.81448
4 100000 10 2 dynamic 10 9.81448
4 1000 100 2 dynamic 10 9.81448
4 7777 100 2 dynamic 10 9.81448
4 100000 100 2 dynamic 10 9.81448
1 1000 1 2 dynamic 100 49.5
1 7777 1 2 dynamic 100 49.5
1 100000 1 2 dynamic 100 49.5
1 1000 10 2 dynamic 100 49.5
1 7777 10 2 dynamic 100 49.5
1 100000 10 2 dynamic 100 49.5
1 1000 100 2 dynamic 100 49.5
1 7777 100 2 dynamic 100 49.5
1 100000 100 2 dynamic 100 49.5
2 1000 1 2 dynamic 100 333
2 7777 1 2 dynamic 100 333
2 100000 1 2 dynamic 100 333
2 1000 10 2 dynamic 100 333
2 7777 10 2 dynamic 100 333
2 100000 10 2 dynamic 100 333
2 1000 100 2 dynamic 100 333
2 7777 100 2 dynamic 100 333
2 100000 100 2 dynamic 100 333
3 1000 1 2 dynamic 100 1.37938
3 7777 1 2 dynamic 100 1.37937
3 100000 1 2 dynamic 100 1.37937
3 1000 10 2 dynamic 100 1.37938
3 7777 10 2 dynamic 100 1.37937
3 100000 10 2 dynamic 100 1.37937
3 1000 100 2 dynamic 100 1.37938
3 7777 100 2 dynamic 100 1.37937
3 100000 100 2 dynamic 100 1.37937
4 1000 1 2 dynamic 100 9.81448
4 7777 1 2 dynamic 100 9.81448
4 100000 1 2 dynamic 100 9.81448
4 1000 10 2 dynamic 100 9.81448
4 7777 10 2 dynamic 100 9.81448
4 100000 10 2 dynamic 100 9.81448
4 1000 100 2 dynamic 100 9.81448
4 7777 100 2 dynamic 100 9.81448
4 100000 100 2 dynamic 100 9.81448
1 1000 1 2 dynamic 111 49.5
1 7777 1 2 dynamic 111 49.5
1 100000 1 2 dynamic 111 49.5
1 1000 10 2 dynamic 111 49.5
1 7777 10 2 dynamic 111 49.5
1 100000 10 2 dynamic 111 49.5
1 1000 100 2 dynamic 111 49.5
1 7777 100 2 dynamic 111 49.5
1 100000 100 2 dynamic 111 49.5
2 1000 1 2 dynamic 111 333
2 7777 1 2 dynamic 111 333
2 100000 1 2 dynamic 111 333
2 1000 10 2 dynamic 111 333
2 7777 10 2 dynamic 111 333
2 100000 10 2 dynamic 111 333
2 1000 100 2 dynamic 111 333
2 7777 100 2 dynamic 111 333
2 100000 100 2 dynamic 111 333
3 1000 1 2 dynamic 111 1.37938
3 7777 1 2 dynamic 111 1.37937
3 100000 1 2 dynamic 111 1.37937
3 1000 10 2 dynamic 111 1.37938
3 7777 10 2 dynamic 111 1.37937
3 100000 10 2 dynamic 111 1.37937
3 1000 100 2 dynamic 111 1.37938
3 7777 100 2 dynamic 111 1.37937
3 100000 100 2 dynamic 111 1.37937
4 1000 1 2 dynamic 111 9.81448
4 7777 1 2 dynamic 111 9.81448
4 100000 1 2 dynamic 111 9.81448
4 1000 10 2 dynamic 111 9.81448
4 7777 10 2 dynamic 111 9.81448
4 100000 10 2 dynamic 111 9.81448
4 1000 100 2 dynamic 111 9.81448
4 7777 100 2 dynamic 111 9.81448
4 100000 100 2 dynamic 111 9.81448
1 1000 1 4 dynamic 10 49.5
1 7777 1 4 dynamic 10 49.5
1 100000 1 4 dynamic 10 49.5
1 1000 10 4 dynamic 10 49.5
1 7777 10 4 dynamic 10 49.5
1 100000 10 4 dynamic 10 49.5
1 1000 100 4 dynamic 10 49.5
1 7777 100 4 dynamic 10 49.5
1 100000 100 4 dynamic 10 49.5
2 1000 1 4 dynamic 10 333
2 7777 1 4 dynamic 10 333
2 100000 1 4 dynamic 10 333
2 1000 10 4 dynamic 10 333
2 7777 10 4 dynamic 10 333
2 100000 10 4 dynamic 10 333
2 1000 100 4 dynamic 10 333
2 7777 100 4 dynamic 10 333
2 100000 100 4 dynamic 10 333
3 1000 1 4 dynamic 10 1.37938
3 7777 1 4 dynamic 10 1.37937
3 100000 1 4 dynamic 10 1.37937
3 1000 10 4 dynamic 10 1.37938
3 7777 10 4 dynamic 10 1.37937
3 100000 10 4 dynamic 10 1.37937
3 1000 100 4 dynamic 10 1.37938
3 7777 100 4 dynamic 10 1.37937
3 100000 100 4 dynamic 10 1.37937
4 1000 1 4 dynamic 10 9.81448
4 7777 1 4 dynamic 10 9.81448
4 100000 1 4 dynamic 10 9.81448
4 1000 10 4 dynamic 10 9.81448
4 7777 10 4 dynamic 10 9.81448
4 100000 10 4 dynamic 10 9.81448
4 1000 100 4 dynamic 10 9.81448
4 7777 100 4 dynamic 10 9.81448
4 100000 100 4 dynamic 10 9.81448
1 1000 1 4 dynamic 100 49.5
1 7777 1 4 dynamic 100 49.5
1 100000 1 4 dynamic 100 49.5
1 1000 10 4 dynamic 100 49.5
1 7777 10 4 dynamic 100 49.5
1 100000 10 4 dynamic 100 49.5
1 1000 100 4 dynamic 100 49.5
1 7777 100 4 dynamic 100 49.5
1 100000 100 4 dynamic 100 49.5
2 1000 1 4 dynamic 100 333
2 7777 1 4 dynamic 100 333
2 100000 1 4 dynamic 100 333
2 1000 10 4 dynamic 100 333
2 7777 10 4 dynamic 100 333
2 100000 10 4 dynamic 100 333
2 1000 100 4 dynamic 100 333
2 7777 100 4 dynamic 100 333
2 100000 100 4 dynamic 100 333
3 1000 1 4 dynamic 100 1.37938
3 7777 1 4 dynamic 100 1.37937
3 100000 1 4 dynamic 100 1.37937
3 1000 10 4 dynamic 100 1.37938
3 7777 10 4 dynamic 100 1.37937
3 100000 10 4 dynamic 100 1.37937
3 1000 100 4 dynamic 100 1.37938
3 7777 100 4 dynamic 100 1.37937
3 100000 100 4 dynamic 100 1.37937
4 1000 1 4 dynamic 100 9.81448
4 7777 1 4 dynamic 100 9.81448
4 100000 1 4 dynamic 100 9.81448
4 1000 10 4 dynamic 100 9.81448
4 7777 10 4 dynamic 100 9.81448
4 100000 10 4 dynamic 100 9.81448
4 1000 100 4 dynamic 100 9.81448
4 7777 100 4 dynamic 100 9.81448
4 100000 100 4 dynamic 100 9.81448
1 1000 1 4 dynamic 111 49.5
1 7777 1 4 dynamic 111 49.5
1 100000 1 4 dynamic 111 49.5
1 1000 10 4 dynamic 111 49.5
1 7777 10 4 dynamic 111 49.5
1 100000 10 4 dynamic 111 49.5
1 1000 100 4 dynamic 111 49.5
1 7777 100 4 dynamic 111 49.5
1 100000 100 4 dynamic 111 49.5
2 1000 1 4 dynamic 111 333
2 7777 1 4 dynamic 111 333
2 100000 1 4 dynamic 111 333
2 1000 10 4 dynamic 111 333
2 7777 10 4 dynamic 111 333
2 100000 10 4 dynamic 111 333
2 1000 100 4 dynamic 111 333
2 7777 100 4 dynamic 111 333
2 100000 100 4 dynamic 111 333
3 1000 1 4 dynamic 111 1.37938
3 7777 1 4 dynamic 111 1.37937
3 100000 1 4 dynamic 111 1.37937
3 1000 10 4 dynamic 111 1.37938
3 7777 10 4 dynamic 111 1.37937
3 100000 10 4 dynamic 111 1.37937
3 1000 100 4 dynamic 111 1.37938
3 7777 100 4 dynamic 111 1.37937
3 100000 100 4 dynamic 111 1.37937
4 1000 1 4 dynamic 111 9.81448
4 7777 1 4 dynamic 111 9.81448
4 100000 1 4 dynamic 111 9.81448
4 1000 10 4 dynamic 111 9.81448
4 7777 10 4 dynamic 111 9.81448
4 100000 10 4 dynamic 111 9.81448
4 1000 100 4 dynamic 111 9.81448
4 7777 100 4 dynamic 111 9.81448
4 100000 100 4 dynamic 111 9.81448
1 1000 1 1 guided 10 49.5
1 7777 1 1 guided 10 49.5
1 100000 1 1 guided 10 49.5
1 1000 10 1 guided 10 49.5
1 7777 10 1 guided 10 49.5
1 100000 10 1 guided 10 49.5
1 1000 100 1 guided 10 49.5
1 7777 100 1 guided 10 49.5
1 100000 100 1 guided 10 49.5
2 1000 1 1 guided 10 333
2 7777 1 1 guided 10 333
2 100000 1 1 guided 10 333
2 1000 10 1 guided 10 333
2 7777 10 1 guided 10 333
2 100000 10 1 guided 10 333
2 1000 100 1 guided 10 333
2 7777 100 1 guided 10 333
2 100000 100 1 guided 10 333
3 1000 1 1 guided 10 1.37938
3 7777 1 1 guided 10 1.37937
3 100000 1 1 guided 10 1.37937
3 1000 10 1 guided 10 1.37938
3 7777 10 1 guided 10 1.37937
3 100000 10 1 guided 10 1.37937
3 1000 100 1 guided 10 1.37938
3 7777 100 1 guided 10 1.37937
3 100000 100 1 guided 10 1.37937
4 1000 1 1 guided 10 9.81448
4 7777 1 1 guided 10 9.81448
4 100000 1 1 guided 10 9.81448
4 1000 10 1 guided 10 9.81448
4 7777 10 1 guided 10 9.81448
4 100000 10 1 guided 10 9.81448
4 1000 100 1 guided 10 9.81448
4 7777 100 1 guided 10 9.81448
4 100000 100 1 guided 10 9.81448
1 1000 1 1 guided 100 49.5
1 7777 1 1 guided 100 49.5
1 100000 1 1 guided 100 49.5
1 1000 10 1 guided 100 49.5
1 7777 10 1 guided 100 49.5
1 100000 10 1 guided 100 49.5
1 1000 100 1 guided 100 49.5
1 7777 100 1 guided 100 49.5
1 100000 100 1 guided 100 49.5
2 1000 1 1 guided 100 333
2 7777 1 1 guided 100 333
2 100000 1 1 guided 100 333
2 1000 10 1 guided 100 333
2 7777 10 1 guided 100 333
2 100000 10 1 guided 100 333
2 1000 100 1 guided 100 333
2 7777 100 1 guided 100 333
2 100000 100 1 guided 100 333
3 1000 1 1 guided 100 1.37938
3 7777 1 1 guided 100 1.37937
3 100000 1 1 guided 100 1.37937
3 1000 10 1 guided 100 1.37938
3 7777 10 1 guided 100 1.37937
3 100000 10 1 guided 100 1.37937
3 1000 100 1 guided 100 1.37938
3 7777 100 1 guided 100 1.37937
3 100000 100 1 guided 100 1.37937
4 1000 1 1 guided 100 9.81448
4 7777 1 1 guided 100 9.81448
4 100000 1 1 guided 100 9.81448
4 1000 10 1 guided 100 9.81448
4 7777 10 1 guided 100 9.81448
4 100000 10 1 guided 100 9.81448
4 1000 100 1 guided 100 9.81448
4 7777 100 1 guided 100 9.81448
4 100000 100 1 guided 100 9.81448
1 1000 1 1 guided 111 49.5
1 7777 1 1 guided 111 49.5
1 100000 1 1 guided 111 49.5
1 1000 10 1 guided 111 49.5
1 7777 10 1 guided 111 49.5
1 100000 10 1 guided 111 49.5
1 1000 100 1 guided 111 49.5
1 7777 100 1 guided 111 49.5
1 100000 100 1 guided 111 49.5
2 1000 1 1 guided 111 333
2 7777 1 1 guided 111 333
2 100000 1 1 guided 111 333
2 1000 10 1 guided 111 333
2 7777 10 1 guided 111 333
2 100000 10 1 guided 111 333
2 1000 100 1 guided 111 333
2 7777 100 1 guided 111 333
2 100000 100 1 guided 111 333
3 1000 1 1 guided 111 1.37938
3 7777 1 1 guided 111 1.37937
3 100000 1 1 guided 111 1.37937
3 1000 10 1 guided 111 1.37938
3 7777 10 1 guided 111 1.37937
3 100000 10 1 guided 111 1.37937
3 1000 100 1 guided 111 1.37938
3 7777 100 1 guided 111 1.37937
3 100000 100 1 guided 111 1.37937
4 1000 1 1 guided 111 9.81448
4 7777 1 1 guided 111 9.81448
4 100000 1 1 guided 111 9.81448
4 1000 10 1 guided 111 9.81448
4 7777 10 1 guided 111 9.81448
4 100000 10 1 guided 111 9.81448
4 1000 100 1 guided 111 9.81448
4 7777 100 1 guided 111 9.81448
4 100000 100 1 guided 111 9.81448
1 1000 1 2 guided 10 49.5
1 7777 1 2 guided 10 49.5
1 100000 1 2 guided 10 49.5
1 1000 10 2 guided 10 49.5
1 7777 10 2 guided 10 49.5
1 100000 10 2 guided 10 49.5
1 1000 100 2 guided 10 49.5
1 7777 100 2 guided 10 49.5
1 100000 100 2 guided 10 49.5
2 1000 1 2 guided 10 333
2 7777 1 2 guided 10 333
2 100000 1 2 guided 10 333
2 1000 10 2 guided 10 333
2 7777 10 2 guided 10 333
2 100000 10 2 guided 10 333
2 1000 100 2 guided 10 333
2 7777 100 2 guided 10 333
2 100000 100 2 guided 10 333
3 1000 1 2 guided 10 1.37938
3 7777 1 2 guided 10 1.37937
3 100000 1 2 guided 10 1.37937
3 1000 10 2 guided 10 1.37938
3 7777 10 2 guided 10 1.37937
3 100000 10 2 guided 10 1.37937
3 1000 100 2 guided 10 1.37938
3 7777 100 2 guided 10 1.37937
3 100000 100 2 guided 10 1.37937
4 1000 1 2 guided 10 9.81448
4 7777 1 2 guided 10 9.81448
4 100000 1 2 guided 10 9.81448
4 1000 10 2 guided 10 9.81448
4 7777 10 2 guided 10 9.81448
4 100000 10 2 guided 10 9.81448
4 1000 100 2 guided 10 9.81448
4 7777 100 2 guided 10 9.81448
4 100000 100 2 guided 10 9.81448
1 1000 1 2 guided 100 49.5
1 7777 1 2 guided 100 49.5
1 100000 1 2 guided 100 49.5
1 1000 10 2 guided 100 49.5
1 7777 10 2 guided 100 49.5
1 100000 10 2 guided 100 49.5
1 1000 100 2 guided 100 49.5
1 7777 100 2 guided 100 49.5
1 100000 100 2 guided 100 49.5
2 1000 1 2 guided 100 333
2 7777 1 2 guided 100 333
2 100000 1 2 guided 100 333
2 1000 10 2 guided 100 333
2 7777 10 2 guided 100 333
2 100000 10 2 guided 100 333
2 1000 100 2 guided 100 333
2 7777 100 2 guided 100 333
2 100000 100 2 guided 100 333
3 1000 1 2 guided 100 1.37938
3 7777 1 2 guided 100 1.37937
3 100000 1 2 guided 100 1.37937
3 1000 10 2 guided 100 1.37938
3 7777 10 2 guided 100 1.37937
3 100000 10 2 guided 100 1.37937
3 1000 100 2 guided 100 1.37938
3 7777 100 2 guided 100 1.37937
3 100000 100 2 guided 100 1.37937
4 1000 1 2 guided 100 9.81448
4 7777 1 2 guided 100 9.81448
4 100000 1 2 guided 100 9.81448
4 1000 10 2 guided 100 9.81448
4 7777 10 2 guided 100 9.81448
4 100000 10 2 guided 100 9.81448
4 1000 100 2 guided 100 9.81448
4 7777 100 2 guided 100 9.81448
4 100000 100 2 guided 100 9.81448
1 1000 1 2 guided 111 49.5
1 7777 1 2 guided 111 49.5
1 100000 1 2 guided 111 49.5
1 1000 10 2 guided 111 49.5
1 7777 10 2 guided 111 49.5
1 100000 10 2 guided 111 49.5
1 1000 100 2 guided 111 49.5
1 7777 100 2 guided 111 49.5
1 100000 100 2 guided 111 49.5
2 1000 1 2 guided 111 333
2 7777 1 2 guided 111 333
2 100000 1 2 guided 111 333
2 1000 10 2 guided 111 333
2 7777 10 2 guided 111 333
2 100000 10 2 guided 111 333
2 1000 100 2 guided 111 333
2 7777 100 2 guided 111 333
2 100000 100 2 guided 111 333
3 1000 1 2 guided 111 1.37938
3 7777 1 2 guided 111 1.37937
3 100000 1 2 guided 111 1.37937
3 1000 10 2 guided 111 1.37938
3 7777 10 2 guided 111 1.37937
3 100000 10 2 guided 111 1.37937
3 1000 100 2 guided 111 1.37938
3 7777 100 2 guided 111 1.37937
3 100000 100 2 guided 111 1.37937
4 1000 1 2 guided 111 9.81448
4 7777 1 2 guided 111 9.81448
4 100000 1 2 guided 111 9.81448
4 1000 10 2 guided 111 9.81448
4 7777 10 2 guided 111 9.81448
4 100000 10 2 guided 111 9.81448
4 1000 100 2 guided 111 9.81448
4 7777 100 2 guided 111 9.81448
4 100000 100 2 guided 111 9.81448
1 1000 1 4 guided 10 49.5
1 7777 1 4 guided 10 49.5
1 100000 1 4 guided 10 49.5
1 1000 10 4 guided 10 49.5
1 7777 10 4 guided 10 49.5
1 100000 10 4 guided 10 49.5
1 1000 100 4 guided 10 49.5
1 7777 100 4 guided 10 49.5
1 100000 100 4 guided 10 49.5
2 1000 1 4 guided 10 333
2 7777 1 4 guided 10 333
2 100000 1 4 guided 10 333
2 1000 10 4 guided 10 333
2 7777 10 4 guided 10 333
2 100000 10 4 guided 10 333
2 1000 100 4 guided 10 333
2 7777 100 4 guided 10 333
2 100000 100 4 guided 10 333
3 1000 1 4 guided 10 1.37938
3 7777 1 4 guided 10 1.37937
3 100000 1 4 guided 10 1.37937
3 1000 10 4 guided 10 1.37938
3 7777 10 4 guided 10 1.37937
3 100000 10 4 guided 10 1.37937
3 1000 100 4 guided 10 1.37938
3 7777 100 4 guided 10 1.37937
3 100000 100 4 guided 10 1.37937
4 1000 1 4 guided 10 9.81448
4 7777 1 4 guided 10 9.81448
4 100000 1 4 guided 10 9.81448
4 1000 10 4 guided 10 9.81448
4 7777 10 4 guided 10 9.81448
4 100000 10 4 guided 10 9.81448
4 1000 100 4 guided 10 9.81448
4 7777 100 4 guided 10 9.81448
4 100000 100 4 guided 10 9.81448
1 1000 1 4 guided 100 49.5
1 7777 1 4 guided 100 49.5
1 100000 1 4 guided 100 49.5
1 1000 10 4 guided 100 49.5
1 7777 10 4 guided 100 49.5
1 100000 10 4 guided 100 49.5
1 1000 100 4 guided 100 49.5
1 7777 100 4 guided 100 49.5
1 100000 100 4 guided 100 49.5
2 1000 1 4 guided 100 333
2 7777 1 4 guided 100 333
2 100000 1 4 guided 100 333
2 1000 10 4 guided 100 333
2 7777 10 4 guided 100 333
2 100000 10 4 guided 100 333
2 1000 100 4 guided 100 333
2 7777 100 4 guided 100 333
2 100000 100 4 guided 100 333
3 1000 1 4 guided 100 1.37938
3 7777 1 4 guided 100 1.37937
3 100000 1 4 guided 100 1.37937
3 1000 10 4 guided 100 1.37938
3 7777 10 4 guided 100 1.37937
3 100000 10 4 guided 100 1.37937
3 1000 100 4 guided 100 1.37938
3 7777 100 4 guided 100 1.37937
3 100000 100 4 guided 100 1.37937
4 1000 1 4 guided 100 9.81448
4 7777 1 4 guided 100 9.81448
4 100000 1 4 guided 100 9.81448
4 1000 10 4 guided 100 9.81448
4 7777 10 4 guided 100 9.81448
4 100000 10 4 guided 100 9.81448
4 1000 100 4 guided 100 9.81448
4 7777 100 4 guided 100 9.81448
4 100000 100 4 guided 100 9.81448
1 1000 1 4 guided 111 49.5
1 7777 1 4 guided 111 49.5
1 100000 1 4 guided 111 49.5
1 1000 10 4 guided 111 49.5
1 7777 10 4 guided 111 49.5
1 100000 10 4 guided 111 49.5
1 1000 100 4 guided 111 49.5
1 7777 100 4 guided 111 49.5
1 100000 100 4 guided 111 49.5
2 1000 1 4 guided 111 333
2 7777 1 4 guided 111 333
2 100000 1 4 guided 111 333
2 1000 10 4 guided 111 333
2 7777 10 4 guided 111 333
2 100000 10 4 guided 111 333
2 1000 100 4 guided 111 333
2 7777 100 4 guided 111 333
2 100000 100 4 guided 111 333
3 1000 1 4 guided 111 1.37938
3 7777 1 4 guided 111 1.37937
3 100000 1 4 guided 111 1.37937
3 1000 10 4 guided 111 1.37938
3 7777 10 4 guided 111 1.37937
3 100000 10 4 guided 111 1.37937
3 1000 100 4 guided 111 1.37938
3 7777 100 4 guided 111 1.37937
3 100000 100 4 guided 111 1.37937
4 1000 1 4 guided 111 9.81448
4 7777 1 4 guided 111 9.81448
4 100000 1 4 guided 111 9.81448
4 1000 10 4 guided 111 9.81448
4 7777 10 4 guided 111 9.81448
4 100000 10 4 guided 111 9.81448
4 1000 100 4 guided 111 9.81448
4 7777 100 4 guided 111 9.81448
4 100000 100 4 guided 111 9.81448
