1 1000 1 1 chunk 1 50
1 10000 1 1 chunk 1 50
1 100000 1 1 chunk 1 50
1 1000 10 1 chunk 1 50
1 10000 10 1 chunk 1 50
1 100000 10 1 chunk 1 50
1 1000 100 1 chunk 1 50
1 10000 100 1 chunk 1 50
1 100000 100 1 chunk 1 50
2 1000 1 1 chunk 1 333.333
2 10000 1 1 chunk 1 333.333
2 100000 1 1 chunk 1 333.333
2 1000 10 1 chunk 1 333.333
2 10000 10 1 chunk 1 333.333
2 100000 10 1 chunk 1 333.333
2 1000 100 1 chunk 1 333.333
2 10000 100 1 chunk 1 333.333
2 100000 100 1 chunk 1 333.333
3 1000 1 1 chunk 1 1.83908
3 10000 1 1 chunk 1 1.83908
3 100000 1 1 chunk 1 1.83908
3 1000 10 1 chunk 1 1.83908
3 10000 10 1 chunk 1 1.83908
3 100000 10 1 chunk 1 1.83908
3 1000 100 1 chunk 1 1.83908
3 10000 100 1 chunk 1 1.83908
3 100000 100 1 chunk 1 1.83908
4 1000 1 1 chunk 1 12.1561
4 10000 1 1 chunk 1 12.156
4 100000 1 1 chunk 1 12.1567
4 1000 10 1 chunk 1 12.1561
4 10000 10 1 chunk 1 12.156
4 100000 10 1 chunk 1 12.1567
4 1000 100 1 chunk 1 12.1561
4 10000 100 1 chunk 1 12.156
4 100000 100 1 chunk 1 12.1567
1 1000 1 1 chunk 10 50
1 10000 1 1 chunk 10 50
1 100000 1 1 chunk 10 50
1 1000 10 1 chunk 10 50
1 10000 10 1 chunk 10 50
1 100000 10 1 chunk 10 50
1 1000 100 1 chunk 10 50
1 10000 100 1 chunk 10 50
1 100000 100 1 chunk 10 50
2 1000 1 1 chunk 10 333.333
2 10000 1 1 chunk 10 333.333
2 100000 1 1 chunk 10 333.333
2 1000 10 1 chunk 10 333.333
2 10000 10 1 chunk 10 333.333
2 100000 10 1 chunk 10 333.333
2 1000 100 1 chunk 10 333.333
2 10000 100 1 chunk 10 333.333
2 100000 100 1 chunk 10 333.333
3 1000 1 1 chunk 10 1.83908
3 10000 1 1 chunk 10 1.83907
3 100000 1 1 chunk 10 1.83908
3 1000 10 1 chunk 10 1.83908
3 10000 10 1 chunk 10 1.83907
3 100000 10 1 chunk 10 1.83908
3 1000 100 1 chunk 10 1.83908
3 10000 100 1 chunk 10 1.83907
3 100000 100 1 chunk 10 1.83908
4 1000 1 1 chunk 10 12.1561
4 10000 1 1 chunk 10 12.1561
4 100000 1 1 chunk 10 12.156
4 1000 10 1 chunk 10 12.1561
4 10000 10 1 chunk 10 12.1561
4 100000 10 1 chunk 10 12.156
4 1000 100 1 chunk 10 12.1561
4 10000 100 1 chunk 10 12.1561
4 100000 100 1 chunk 10 12.156
1 1000 1 1 chunk 100 50
1 10000 1 1 chunk 100 50
1 100000 1 1 chunk 100 50
1 1000 10 1 chunk 100 50
1 10000 10 1 chunk 100 50
1 100000 10 1 chunk 100 50
1 1000 100 1 chunk 100 50
1 10000 100 1 chunk 100 50
1 100000 100 1 chunk 100 50
2 1000 1 1 chunk 100 333.333
2 10000 1 1 chunk 100 333.333
2 100000 1 1 chunk 100 333.333
2 1000 10 1 chunk 100 333.333
2 10000 10 1 chunk 100 333.333
2 100000 10 1 chunk 100 333.333
2 1000 100 1 chunk 100 333.333
2 10000 100 1 chunk 100 333.333
2 100000 100 1 chunk 100 333.333
3 1000 1 1 chunk 100 1.83908
3 10000 1 1 chunk 100 1.83907
3 100000 1 1 chunk 100 1.83907
3 1000 10 1 chunk 100 1.83908
3 10000 10 1 chunk 100 1.83907
3 100000 10 1 chunk 100 1.83907
3 1000 100 1 chunk 100 1.83908
3 10000 100 1 chunk 100 1.83907
3 100000 100 1 chunk 100 1.83907
4 1000 1 1 chunk 100 12.1561
4 10000 1 1 chunk 100 12.1561
4 100000 1 1 chunk 100 12.1561
4 1000 10 1 chunk 100 12.1561
4 10000 10 1 chunk 100 12.1561
4 100000 10 1 chunk 100 12.1561
4 1000 100 1 chunk 100 12.1561
4 10000 100 1 chunk 100 12.1561
4 100000 100 1 chunk 100 12.1561
1 1000 1 2 chunk 1 50
1 10000 1 2 chunk 1 50
1 100000 1 2 chunk 1 50
1 1000 10 2 chunk 1 50
1 10000 10 2 chunk 1 50
1 100000 10 2 chunk 1 50
1 1000 100 2 chunk 1 50
1 10000 100 2 chunk 1 50
1 100000 100 2 chunk 1 50
2 1000 1 2 chunk 1 333.333
2 10000 1 2 chunk 1 333.333
2 100000 1 2 chunk 1 333.333
2 1000 10 2 chunk 1 333.333
2 10000 10 2 chunk 1 333.333
2 100000 10 2 chunk 1 333.333
2 1000 100 2 chunk 1 333.333
2 10000 100 2 chunk 1 333.333
2 100000 100 2 chunk 1 333.333
3 1000 1 2 chunk 1 1.83908
3 10000 1 2 chunk 1 1.83908
3 100000 1 2 chunk 1 1.83908
3 1000 10 2 chunk 1 1.83908
3 10000 10 2 chunk 1 1.83908
3 100000 10 2 chunk 1 1.83908
3 1000 100 2 chunk 1 1.83908
3 10000 100 2 chunk 1 1.83908
3 100000 100 2 chunk 1 1.83908
4 1000 1 2 chunk 1 12.1561
4 10000 1 2 chunk 1 12.156
4 100000 1 2 chunk 1 12.1567
4 1000 10 2 chunk 1 12.1561
4 10000 10 2 chunk 1 12.156
4 100000 10 2 chunk 1 12.1567
4 1000 100 2 chunk 1 12.1561
4 10000 100 2 chunk 1 12.156
4 100000 100 2 chunk 1 12.1567
1 1000 1 2 chunk 10 50
1 10000 1 2 chunk 10 50
1 100000 1 2 chunk 10 50
1 1000 10 2 chunk 10 50
1 10000 10 2 chunk 10 50
1 100000 10 2 chunk 10 50
1 1000 100 2 chunk 10 50
1 10000 100 2 chunk 10 50
1 100000 100 2 chunk 10 50
2 1000 1 2 chunk 10 333.333
2 10000 1 2 chunk 10 333.333
2 100000 1 2 chunk 10 333.333
2 1000 10 2 chunk 10 333.333
2 10000 10 2 chunk 10 333.333
2 100000 10 2 chunk 10 333.333
2 1000 100 2 chunk 10 333.333
2 10000 100 2 chunk 10 333.333
2 100000 100 2 chunk 10 333.333
3 1000 1 2 chunk 10 1.83908
3 10000 1 2 chunk 10 1.83907
3 100000 1 2 chunk 10 1.83908
3 1000 10 2 chunk 10 1.83908
3 10000 10 2 chunk 10 1.83907
3 100000 10 2 chunk 10 1.83908
3 1000 100 2 chunk 10 1.83908
3 10000 100 2 chunk 10 1.83907
3 100000 100 2 chunk 10 1.83908
4 1000 1 2 chunk 10 12.1561
4 10000 1 2 chunk 10 12.1561
4 100000 1 2 chunk 10 12.156
4 1000 10 2 chunk 10 12.1561
4 10000 10 2 chunk 10 12.1561
4 100000 10 2 chunk 10 12.156
4 1000 100 2 chunk 10 12.1561
4 10000 100 2 chunk 10 12.1561
4 100000 100 2 chunk 10 12.156
1 1000 1 2 chunk 100 50
1 10000 1 2 chunk 100 50
1 100000 1 2 chunk 100 50
1 1000 10 2 chunk 100 50
1 10000 10 2 chunk 100 50
1 100000 10 2 chunk 100 50
1 1000 100 2 chunk 100 50
1 10000 100 2 chunk 100 50
1 100000 100 2 chunk 100 50
2 1000 1 2 chunk 100 333.333
2 10000 1 2 chunk 100 333.333
2 100000 1 2 chunk 100 333.333
2 1000 10 2 chunk 100 333.333
2 10000 10 2 chunk 100 333.333
2 100000 10 2 chunk 100 333.333
2 1000 100 2 chunk 100 333.333
2 10000 100 2 chunk 100 333.333
2 100000 100 2 chunk 100 333.333
3 1000 1 2 chunk 100 1.83908
3 10000 1 2 chunk 100 1.83907
3 100000 1 2 chunk 100 1.83907
3 1000 10 2 chunk 100 1.83908
3 10000 10 2 chunk 100 1.83907
3 100000 10 2 chunk 100 1.83907
3 1000 100 2 chunk 100 1.83908
3 10000 100 2 chunk 100 1.83907
3 100000 100 2 chunk 100 1.83907
4 1000 1 2 chunk 100 12.1561
4 10000 1 2 chunk 100 12.1561
4 100000 1 2 chunk 100 12.1561
4 1000 10 2 chunk 100 12.1561
4 10000 10 2 chunk 100 12.1561
4 100000 10 2 chunk 100 12.1561
4 1000 100 2 chunk 100 12.1561
4 10000 100 2 chunk 100 12.1561
4 100000 100 2 chunk 100 12.1561
1 1000 1 4 chunk 1 50
1 10000 1 4 chunk 1 50
1 100000 1 4 chunk 1 50
1 1000 10 4 chunk 1 50
1 10000 10 4 chunk 1 50
1 100000 10 4 chunk 1 50
1 1000 100 4 chunk 1 50
1 10000 100 4 chunk 1 50
1 100000 100 4 chunk 1 50
2 1000 1 4 chunk 1 333.333
2 10000 1 4 chunk 1 333.333
2 100000 1 4 chunk 1 333.333
2 1000 10 4 chunk 1 333.333
2 10000 10 4 chunk 1 333.333
2 100000 10 4 chunk 1 333.333
2 1000 100 4 chunk 1 333.333
2 10000 100 4 chunk 1 333.333
2 100000 100 4 chunk 1 333.333
3 1000 1 4 chunk 1 1.83908
3 10000 1 4 chunk 1 1.83908
3 100000 1 4 chunk 1 1.83908
3 1000 10 4 chunk 1 1.83908
3 10000 10 4 chunk 1 1.83908
3 100000 10 4 chunk 1 1.83908
3 1000 100 4 chunk 1 1.83908
3 10000 100 4 chunk 1 1.83908
3 100000 100 4 chunk 1 1.83908
4 1000 1 4 chunk 1 12.1561
4 10000 1 4 chunk 1 12.156
4 100000 1 4 chunk 1 12.1567
4 1000 10 4 chunk 1 12.1561
4 10000 10 4 chunk 1 12.156
4 100000 10 4 chunk 1 12.1567
4 1000 100 4 chunk 1 12.1561
4 10000 100 4 chunk 1 12.156
4 100000 100 4 chunk 1 12.1567
1 1000 1 4 chunk 10 50
1 10000 1 4 chunk 10 50
1 100000 1 4 chunk 10 50
1 1000 10 4 chunk 10 50
1 10000 10 4 chunk 10 50
1 100000 10 4 chunk 10 50
1 1000 100 4 chunk 10 50
1 10000 100 4 chunk 10 50
1 100000 100 4 chunk 10 50
2 1000 1 4 chunk 10 333.333
2 10000 1 4 chunk 10 333.333
2 100000 1 4 chunk 10 333.333
2 1000 10 4 chunk 10 333.333
2 10000 10 4 chunk 10 333.333
2 100000 10 4 chunk 10 333.333
2 1000 100 4 chunk 10 333.333
2 10000 100 4 chunk 10 333.333
2 100000 100 4 chunk 10 333.333
3 1000 1 4 chunk 10 1.83908
3 10000 1 4 chunk 10 1.83907
3 100000 1 4 chunk 10 1.83908
3 1000 10 4 chunk 10 1.83908
3 10000 10 4 chunk 10 1.83907
3 100000 10 4 chunk 10 1.83908
3 1000 100 4 chunk 10 1.83908
3 10000 100 4 chunk 10 1.83907
3 100000 100 4 chunk 10 1.83908
4 1000 1 4 chunk 10 12.1561
4 10000 1 4 chunk 10 12.1561
4 100000 1 4 chunk 10 12.156
4 1000 10 4 chunk 10 12.1561
4 10000 10 4 chunk 10 12.1561
4 100000 10 4 chunk 10 12.156
4 1000 100 4 chunk 10 12.1561
4 10000 100 4 chunk 10 12.1561
4 100000 100 4 chunk 10 12.156
1 1000 1 4 chunk 100 50
1 10000 1 4 chunk 100 50
1 100000 1 4 chunk 100 50
1 1000 10 4 chunk 100 50
1 10000 10 4 chunk 100 50
1 100000 10 4 chunk 100 50
1 1000 100 4 chunk 100 50
1 10000 100 4 chunk 100 50
1 100000 100 4 chunk 100 50
2 1000 1 4 chunk 100 333.333
2 10000 1 4 chunk 100 333.333
2 100000 1 4 chunk 100 333.333
2 1000 10 4 chunk 100 333.333
2 10000 10 4 chunk 100 333.333
2 100000 10 4 chunk 100 333.333
2 1000 100 4 chunk 100 333.333
2 10000 100 4 chunk 100 333.333
2 100000 100 4 chunk 100 333.333
3 1000 1 4 chunk 100 1.83908
3 10000 1 4 chunk 100 1.83907
3 100000 1 4 chunk 100 1.83907
3 1000 10 4 chunk 100 1.83908
3 10000 10 4 chunk 100 1.83907
3 100000 10 4 chunk 100 1.83907
3 1000 100 4 chunk 100 1.83908
3 10000 100 4 chunk 100 1.83907
3 100000 100 4 chunk 100 1.83907
4 1000 1 4 chunk 100 12.1561
4 10000 1 4 chunk 100 12.1561
4 100000 1 4 chunk 100 12.1561
4 1000 10 4 chunk 100 12.1561
4 10000 10 4 chunk 100 12.1561
4 100000 10 4 chunk 100 12.1561
4 1000 100 4 chunk 100 12.1561
4 10000 100 4 chunk 100 12.1561
4 100000 100 4 chunk 100 12.1561
1 1000 1 1 thread 1 50
1 10000 1 1 thread 1 50
1 100000 1 1 thread 1 50
1 1000 10 1 thread 1 50
1 10000 10 1 thread 1 50
1 100000 10 1 thread 1 50
1 1000 100 1 thread 1 50
1 10000 100 1 thread 1 50
1 100000 100 1 thread 1 50
2 1000 1 1 thread 1 333.333
2 10000 1 1 thread 1 333.333
2 100000 1 1 thread 1 333.333
2 1000 10 1 thread 1 333.333
2 10000 10 1 thread 1 333.333
2 100000 10 1 thread 1 333.333
2 1000 100 1 thread 1 333.333
2 10000 100 1 thread 1 333.333
2 100000 100 1 thread 1 333.333
3 1000 1 1 thread 1 1.83908
3 10000 1 1 thread 1 1.83908
3 100000 1 1 thread 1 1.83908
3 1000 10 1 thread 1 1.83908
3 10000 10 1 thread 1 1.83908
3 100000 10 1 thread 1 1.83908
3 1000 100 1 thread 1 1.83908
3 10000 100 1 thread 1 1.83908
3 100000 100 1 thread 1 1.83908
4 1000 1 1 thread 1 12.1561
4 10000 1 1 thread 1 12.156
4 100000 1 1 thread 1 12.1567
4 1000 10 1 thread 1 12.1561
4 10000 10 1 thread 1 12.156
4 100000 10 1 thread 1 12.1567
4 1000 100 1 thread 1 12.1561
4 10000 100 1 thread 1 12.156
4 100000 100 1 thread 1 12.1567
1 1000 1 1 thread 10 50
1 10000 1 1 thread 10 50
1 100000 1 1 thread 10 50
1 1000 10 1 thread 10 50
1 10000 10 1 thread 10 50
1 100000 10 1 thread 10 50
1 1000 100 1 thread 10 50
1 10000 100 1 thread 10 50
1 100000 100 1 thread 10 50
2 1000 1 1 thread 10 333.333
2 10000 1 1 thread 10 333.333
2 100000 1 1 thread 10 333.333
2 1000 10 1 thread 10 333.333
2 10000 10 1 thread 10 333.333
2 100000 10 1 thread 10 333.333
2 1000 100 1 thread 10 333.333
2 10000 100 1 thread 10 333.333
2 100000 100 1 thread 10 333.333
3 1000 1 1 thread 10 1.83908
3 10000 1 1 thread 10 1.83908
3 100000 1 1 thread 10 1.83908
3 1000 10 1 thread 10 1.83908
3 10000 10 1 thread 10 1.83908
3 100000 10 1 thread 10 1.83908
3 1000 100 1 thread 10 1.83908
3 10000 100 1 thread 10 1.83908
3 100000 100 1 thread 10 1.83908
4 1000 1 1 thread 10 12.1561
4 10000 1 1 thread 10 12.156
4 100000 1 1 thread 10 12.1567
4 1000 10 1 thread 10 12.1561
4 10000 10 1 thread 10 12.156
4 100000 10 1 thread 10 12.1567
4 1000 100 1 thread 10 12.1561
4 10000 100 1 thread 10 12.156
4 100000 100 1 thread 10 12.1567
1 1000 1 1 thread 100 50
1 10000 1 1 thread 100 50
1 100000 1 1 thread 100 50
1 1000 10 1 thread 100 50
1 10000 10 1 thread 100 50
1 100000 10 1 thread 100 50
1 1000 100 1 thread 100 50
1 10000 100 1 thread 100 50
1 100000 100 1 thread 100 50
2 1000 1 1 thread 100 333.333
2 10000 1 1 thread 100 333.333
2 100000 1 1 thread 100 333.333
2 1000 10 1 thread 100 333.333
2 10000 10 1 thread 100 333.333
2 100000 10 1 thread 100 333.333
2 1000 100 1 thread 100 333.333
2 10000 100 1 thread 100 333.333
2 100000 100 1 thread 100 333.333
3 1000 1 1 thread 100 1.83908
3 10000 1 1 thread 100 1.83908
3 100000 1 1 thread 100 1.83908
3 1000 10 1 thread 100 1.83908
3 10000 10 1 thread 100 1.83908
3 100000 10 1 thread 100 1.83908
3 1000 100 1 thread 100 1.83908
3 10000 100 1 thread 100 1.83908
3 100000 100 1 thread 100 1.83908
4 1000 1 1 thread 100 12.1561
4 10000 1 1 thread 100 12.156
4 100000 1 1 thread 100 12.1567
4 1000 10 1 thread 100 12.1561
4 10000 10 1 thread 100 12.156
4 100000 10 1 thread 100 12.1567
4 1000 100 1 thread 100 12.1561
4 10000 100 1 thread 100 12.156
4 100000 100 1 thread 100 12.1567
1 1000 1 2 thread 1 50
1 10000 1 2 thread 1 50
1 100000 1 2 thread 1 50
1 1000 10 2 thread 1 50
1 10000 10 2 thread 1 50
1 100000 10 2 thread 1 50.0001
1 1000 100 2 thread 1 50
1 10000 100 2 thread 1 50
1 100000 100 2 thread 1 50
2 1000 1 2 thread 1 333.333
2 10000 1 2 thread 1 333.333
2 100000 1 2 thread 1 333.333
2 1000 10 2 thread 1 333.333
2 10000 10 2 thread 1 333.333
2 100000 10 2 thread 1 333.333
2 1000 100 2 thread 1 333.333
2 10000 100 2 thread 1 333.333
2 100000 100 2 thread 1 333.333
3 1000 1 2 thread 1 1.83908
3 10000 1 2 thread 1 1.83907
3 100000 1 2 thread 1 1.83908
3 1000 10 2 thread 1 1.83908
3 10000 10 2 thread 1 1.83907
3 100000 10 2 thread 1 1.83907
3 1000 100 2 thread 1 1.83908
3 10000 100 2 thread 1 1.83907
3 100000 100 2 thread 1 1.83907
4 1000 1 2 thread 1 12.1561
4 10000 1 2 thread 1 12.1561
4 100000 1 2 thread 1 12.1559
4 1000 10 2 thread 1 12.1561
4 10000 10 2 thread 1 12.1561
4 100000 10 2 thread 1 12.1559
4 1000 100 2 thread 1 12.1561
4 10000 100 2 thread 1 12.1561
4 100000 100 2 thread 1 12.156
1 1000 1 2 thread 10 50
1 10000 1 2 thread 10 50
1 100000 1 2 thread 10 50
1 1000 10 2 thread 10 50
1 10000 10 2 thread 10 50
1 100000 10 2 thread 10 50
1 1000 100 2 thread 10 50
1 10000 100 2 thread 10 50
1 100000 100 2 thread 10 50
2 1000 1 2 thread 10 333.333
2 10000 1 2 thread 10 333.333
2 100000 1 2 thread 10 333.333
2 1000 10 2 thread 10 333.333
2 10000 10 2 thread 10 333.333
2 100000 10 2 thread 10 333.333
2 1000 100 2 thread 10 333.333
2 10000 100 2 thread 10 333.333
2 100000 100 2 thread 10 333.333
3 1000 1 2 thread 10 1.83908
3 10000 1 2 thread 10 1.83907
3 100000 1 2 thread 10 1.83907
3 1000 10 2 thread 10 1.83908
3 10000 10 2 thread 10 1.83907
3 100000 10 2 thread 10 1.83907
3 1000 100 2 thread 10 1.83908
3 10000 100 2 thread 10 1.83907
3 100000 100 2 thread 10 1.83908
4 1000 1 2 thread 10 12.1561
4 10000 1 2 thread 10 12.1561
4 100000 1 2 thread 10 12.1559
4 1000 10 2 thread 10 12.1561
4 10000 10 2 thread 10 12.1561
4 100000 10 2 thread 10 12.1559
4 1000 100 2 thread 10 12.1561
4 10000 100 2 thread 10 12.1561
4 100000 100 2 thread 10 12.156
1 1000 1 2 thread 100 50
1 10000 1 2 thread 100 50
1 100000 1 2 thread 100 50
1 1000 10 2 thread 100 50
1 10000 10 2 thread 100 50
1 100000 10 2 thread 100 50
1 1000 100 2 thread 100 50
1 10000 100 2 thread 100 50
1 100000 100 2 thread 100 50
2 1000 1 2 thread 100 333.333
2 10000 1 2 thread 100 333.333
2 100000 1 2 thread 100 333.333
2 1000 10 2 thread 100 333.333
2 10000 10 2 thread 100 333.333
2 100000 10 2 thread 100 333.333
2 1000 100 2 thread 100 333.333
2 10000 100 2 thread 100 333.333
2 100000 100 2 thread 100 333.333
3 1000 1 2 thread 100 1.83908
3 10000 1 2 thread 100 1.83907
3 100000 1 2 thread 100 1.83907
3 1000 10 2 thread 100 1.83908
3 10000 10 2 thread 100 1.83907
3 100000 10 2 thread 100 1.83908
3 1000 100 2 thread 100 1.83908
3 10000 100 2 thread 100 1.83907
3 100000 100 2 thread 100 1.83907
4 1000 1 2 thread 100 12.1561
4 10000 1 2 thread 100 12.1561
4 100000 1 2 thread 100 12.1559
4 1000 10 2 thread 100 12.1561
4 10000 10 2 thread 100 12.1561
4 100000 10 2 thread 100 12.1559
4 1000 100 2 thread 100 12.1561
4 10000 100 2 thread 100 12.1561
4 100000 100 2 thread 100 12.1559
1 1000 1 4 thread 1 50
1 10000 1 4 thread 1 50
1 100000 1 4 thread 1 50
1 1000 10 4 thread 1 50
1 10000 10 4 thread 1 50
1 100000 10 4 thread 1 50
1 1000 100 4 thread 1 50
1 10000 100 4 thread 1 50
1 100000 100 4 thread 1 50
2 1000 1 4 thread 1 333.333
2 10000 1 4 thread 1 333.333
2 100000 1 4 thread 1 333.333
2 1000 10 4 thread 1 333.333
2 10000 10 4 thread 1 333.333
2 100000 10 4 thread 1 333.333
2 1000 100 4 thread 1 333.333
2 10000 100 4 thread 1 333.333
2 100000 100 4 thread 1 333.333
3 1000 1 4 thread 1 1.83908
3 10000 1 4 thread 1 1.83907
3 100000 1 4 thread 1 1.83907
3 1000 10 4 thread 1 1.83908
3 10000 10 4 thread 1 1.83907
3 100000 10 4 thread 1 1.83907
3 1000 100 4 thread 1 1.83908
3 10000 100 4 thread 1 1.83907
3 100000 100 4 thread 1 1.83907
4 1000 1 4 thread 1 12.1561
4 10000 1 4 thread 1 12.1561
4 100000 1 4 thread 1 12.156
4 1000 10 4 thread 1 12.1561
4 10000 10 4 thread 1 12.1561
4 100000 10 4 thread 1 12.156
4 1000 100 4 thread 1 12.1561
4 10000 100 4 thread 1 12.1561
4 100000 100 4 thread 1 12.156
1 1000 1 4 thread 10 50
1 10000 1 4 thread 10 50
1 100000 1 4 thread 10 50
1 1000 10 4 thread 10 50
1 10000 10 4 thread 10 50
1 100000 10 4 thread 10 50
1 1000 100 4 thread 10 50
1 10000 100 4 thread 10 50
1 100000 100 4 thread 10 50
2 1000 1 4 thread 10 333.333
2 10000 1 4 thread 10 333.333
2 100000 1 4 thread 10 333.333
2 1000 10 4 thread 10 333.333
2 10000 10 4 thread 10 333.333
2 100000 10 4 thread 10 333.333
2 1000 100 4 thread 10 333.333
2 10000 100 4 thread 10 333.333
2 100000 100 4 thread 10 333.333
3 1000 1 4 thread 10 1.83908
3 10000 1 4 thread 10 1.83907
3 100000 1 4 thread 10 1.83907
3 1000 10 4 thread 10 1.83908
3 10000 10 4 thread 10 1.83907
3 100000 10 4 thread 10 1.83907
3 1000 100 4 thread 10 1.83908
3 10000 100 4 thread 10 1.83907
3 100000 100 4 thread 10 1.83907
4 1000 1 4 thread 10 12.1561
4 10000 1 4 thread 10 12.1561
4 100000 1 4 thread 10 12.156
4 1000 10 4 thread 10 12.1561
4 10000 10 4 thread 10 12.1561
4 100000 10 4 thread 10 12.156
4 1000 100 4 thread 10 12.1561
4 10000 100 4 thread 10 12.1561
4 100000 100 4 thread 10 12.156
1 1000 1 4 thread 100 50
1 10000 1 4 thread 100 50
1 100000 1 4 thread 100 50
1 1000 10 4 thread 100 50
1 10000 10 4 thread 100 50
1 100000 10 4 thread 100 50
1 1000 100 4 thread 100 50
1 10000 100 4 thread 100 50
1 100000 100 4 thread 100 50
2 1000 1 4 thread 100 333.333
2 10000 1 4 thread 100 333.333
2 100000 1 4 thread 100 333.333
2 1000 10 4 thread 100 333.333
2 10000 10 4 thread 100 333.333
2 100000 10 4 thread 100 333.333
2 1000 100 4 thread 100 333.333
2 10000 100 4 thread 100 333.333
2 100000 100 4 thread 100 333.333
3 1000 1 4 thread 100 1.83908
3 10000 1 4 thread 100 1.83907
3 100000 1 4 thread 100 1.83907
3 1000 10 4 thread 100 1.83908
3 10000 10 4 thread 100 1.83907
3 100000 10 4 thread 100 1.83907
3 1000 100 4 thread 100 1.83908
3 10000 100 4 thread 100 1.83907
3 100000 100 4 thread 100 1.83907
4 1000 1 4 thread 100 12.1561
4 10000 1 4 thread 100 12.1561
4 100000 1 4 thread 100 12.156
4 1000 10 4 thread 100 12.1561
4 10000 10 4 thread 100 12.1561
4 100000 10 4 thread 100 12.156
4 1000 100 4 thread 100 12.1561
4 10000 100 4 thread 100 12.1561
4 100000 100 4 thread 100 12.156
