1 0.000000
2 0.000000
3 0.000000
4 0.000000
5 0.000000
6 0.000000
7 0.000000
8 0.000000
9 0.000000
10 0.000000
20 0.000000
30 0.000000
40 0.000000
50 0.000000
60 0.000000
70 0.000000
80 0.000000
90 0.000000
100 0.000000
200 0.000000
300 0.000000
400 0.000000
500 0.000000
600 0.000000
700 0.000000
800 0.000000
900 0.000000
1000 0.000000
2000 0.010000
3000 0.010000
4000 0.020000
5000 0.020000
6000 0.030000
7000 0.030000
8000 0.040000
9000 0.040000
10000 0.050000
20000 0.100000
30000 0.150000
40000 0.200000
50000 0.250000
60000 0.310000
70000 0.360000
80000 0.410000
90000 0.460000
100000 0.510000
200000 1.030000
300000 1.550000
400000 2.070000
500000 2.590000
600000 3.100000
700000 3.620000
800000 4.140000
900000 4.660000
1000000 5.180000
2000000 10.360000
3000000 15.540000
4000000 20.730000
5000000 25.910000
6000000 31.090000
7000000 36.280000
8000000 41.460000
9000000 46.640000
10000000 51.820000
20000000 103.650000
30000000 155.480000
40000000 207.300000
50000000 259.130000
60000000 310.960000
70000000 362.790000
80000000 414.610000
90000000 466.440000
100000000 518.270000
