1000 1 1 50 
1000 1 10 50
1000 1 100 50
7777 1 1 50
7777 1 10 50
7777 1 100 50
100000 1 1 50
100000 1 10 50
100000 1 100 50
1000 2 1 50
1000 2 10 50
1000 2 100 50
7777 2 1 50
7777 2 10 50
7777 2 100 50
100000 2 1 50.0001
100000 2 10 50.0001
100000 2 100 50.0001
1000 3 1 50
1000 3 10 50
1000 3 100 50
7777 3 1 50
7777 3 10 50
7777 3 100 50
100000 3 1 50
100000 3 10 50
100000 3 100 50
1000 4 1 50
1000 4 10 50
1000 4 100 50
7777 4 1 50
7777 4 10 50
7777 4 100 50
100000 4 1 50
100000 4 10 50
100000 4 100 50
1000 5 1 50
1000 5 10 50
1000 5 100 50
7777 5 1 50
7777 5 10 50
7777 5 100 50
100000 5 1 50
100000 5 10 50
100000 5 100 50
1000 6 1 50
1000 6 10 50
1000 6 100 50
7777 6 1 50
7777 6 10 50
7777 6 100 50
100000 6 1 50
100000 6 10 50
100000 6 100 50
1000 7 1 50
1000 7 10 50
1000 7 100 50
7777 7 1 50
7777 7 10 50
7777 7 100 50
100000 7 1 50
100000 7 10 50
100000 7 100 50
1000 8 1 50
1000 8 10 50
1000 8 100 50
7777 8 1 50
7777 8 10 50
7777 8 100 50
100000 8 1 50
100000 8 10 50
100000 8 100 50
1000 9 1 50
1000 9 10 50
1000 9 100 50
7777 9 1 50
7777 9 10 50
7777 9 100 50
100000 9 1 50
100000 9 10 50
100000 9 100 50
1000 10 1 50
1000 10 10 50
1000 10 100 50
7777 10 1 50
7777 10 10 50
7777 10 100 50
100000 10 1 50
100000 10 10 50
100000 10 100 50
1000 11 1 50
1000 11 10 50
1000 11 100 50
7777 11 1 50
7777 11 10 50
7777 11 100 50
100000 11 1 50
100000 11 10 50
100000 11 100 50
