1 1000 1 1 iteration 50
1 10000 1 1 iteration 50
1 100000 1 1 iteration 50
1 1000 10 1 iteration 50
1 10000 10 1 iteration 50
1 100000 10 1 iteration 50
1 1000 100 1 iteration 50
1 10000 100 1 iteration 50
1 100000 100 1 iteration 50
2 1000 1 1 iteration 333.333
2 10000 1 1 iteration 333.333
2 100000 1 1 iteration 333.333
2 1000 10 1 iteration 333.333
2 10000 10 1 iteration 333.333
2 100000 10 1 iteration 333.333
2 1000 100 1 iteration 333.333
2 10000 100 1 iteration 333.333
2 100000 100 1 iteration 333.333
3 1000 1 1 iteration 1.83908
3 10000 1 1 iteration 1.83908
3 100000 1 1 iteration 1.83908
3 1000 10 1 iteration 1.83908
3 10000 10 1 iteration 1.83908
3 100000 10 1 iteration 1.83908
3 1000 100 1 iteration 1.83908
3 10000 100 1 iteration 1.83908
3 100000 100 1 iteration 1.83908
4 1000 1 1 iteration 12.1561
4 10000 1 1 iteration 12.156
4 100000 1 1 iteration 12.1567
4 1000 10 1 iteration 12.1561
4 10000 10 1 iteration 12.156
4 100000 10 1 iteration 12.1567
4 1000 100 1 iteration 12.1561
4 10000 100 1 iteration 12.156
4 100000 100 1 iteration 12.1567
1 1000 1 2 iteration 50
1 10000 1 2 iteration 50
1 100000 1 2 iteration 50.0001
1 1000 10 2 iteration 50
1 10000 10 2 iteration 50
1 100000 10 2 iteration 50
1 1000 100 2 iteration 50
1 10000 100 2 iteration 50
1 100000 100 2 iteration 50.0002
2 1000 1 2 iteration 333.333
2 10000 1 2 iteration 333.333
2 100000 1 2 iteration 333.334
2 1000 10 2 iteration 333.333
2 10000 10 2 iteration 333.333
2 100000 10 2 iteration 333.333
2 1000 100 2 iteration 333.333
2 10000 100 2 iteration 333.333
2 100000 100 2 iteration 333.334
3 1000 1 2 iteration 1.83908
3 10000 1 2 iteration 1.83908
3 100000 1 2 iteration 1.83907
3 1000 10 2 iteration 1.83908
3 10000 10 2 iteration 1.83907
3 100000 10 2 iteration 1.83907
3 1000 100 2 iteration 1.83908
3 10000 100 2 iteration 1.83908
3 100000 100 2 iteration 1.83907
4 1000 1 2 iteration 12.1561
4 10000 1 2 iteration 12.1561
4 100000 1 2 iteration 12.1574
4 1000 10 2 iteration 12.1561
4 10000 10 2 iteration 12.1561
4 100000 10 2 iteration 12.1574
4 1000 100 2 iteration 12.1561
4 10000 100 2 iteration 12.1561
4 100000 100 2 iteration 12.1574
1 1000 1 4 iteration 50
1 10000 1 4 iteration 50
1 100000 1 4 iteration 50.0003
1 1000 10 4 iteration 50
1 10000 10 4 iteration 50
1 100000 10 4 iteration 50
1 1000 100 4 iteration 50
1 10000 100 4 iteration 50
1 100000 100 4 iteration 50
2 1000 1 4 iteration 333.333
2 10000 1 4 iteration 333.333
2 100000 1 4 iteration 333.331
2 1000 10 4 iteration 333.333
2 10000 10 4 iteration 333.334
2 100000 10 4 iteration 333.331
2 1000 100 4 iteration 333.333
2 10000 100 4 iteration 333.334
2 100000 100 4 iteration 333.333
3 1000 1 4 iteration 1.83908
3 10000 1 4 iteration 1.83908
3 100000 1 4 iteration 1.83914
3 1000 10 4 iteration 1.83908
3 10000 10 4 iteration 1.83909
3 100000 10 4 iteration 1.83913
3 1000 100 4 iteration 1.83908
3 10000 100 4 iteration 1.83907
3 100000 100 4 iteration 1.83907
4 1000 1 4 iteration 12.1561
4 10000 1 4 iteration 12.1561
4 100000 1 4 iteration 12.1566
4 1000 10 4 iteration 12.1561
4 10000 10 4 iteration 12.1561
4 100000 10 4 iteration 12.1567
4 1000 100 4 iteration 12.1561
4 10000 100 4 iteration 12.1561
4 100000 100 4 iteration 12.1567
1 1000 1 1 thread 50
1 10000 1 1 thread 50
1 100000 1 1 thread 50
1 1000 10 1 thread 50
1 10000 10 1 thread 50
1 100000 10 1 thread 50
1 1000 100 1 thread 50
1 10000 100 1 thread 50
1 100000 100 1 thread 50
2 1000 1 1 thread 333.333
2 10000 1 1 thread 333.333
2 100000 1 1 thread 333.333
2 1000 10 1 thread 333.333
2 10000 10 1 thread 333.333
2 100000 10 1 thread 333.333
2 1000 100 1 thread 333.333
2 10000 100 1 thread 333.333
2 100000 100 1 thread 333.333
3 1000 1 1 thread 1.83908
3 10000 1 1 thread 1.83908
3 100000 1 1 thread 1.83908
3 1000 10 1 thread 1.83908
3 10000 10 1 thread 1.83908
3 100000 10 1 thread 1.83908
3 1000 100 1 thread 1.83908
3 10000 100 1 thread 1.83908
3 100000 100 1 thread 1.83908
4 1000 1 1 thread 12.1561
4 10000 1 1 thread 12.156
4 100000 1 1 thread 12.1567
4 1000 10 1 thread 12.1561
4 10000 10 1 thread 12.156
4 100000 10 1 thread 12.1567
4 1000 100 1 thread 12.1561
4 10000 100 1 thread 12.156
4 100000 100 1 thread 12.1567
1 1000 1 2 thread 50
1 10000 1 2 thread 50
1 100000 1 2 thread 50
1 1000 10 2 thread 50
1 10000 10 2 thread 50
1 100000 10 2 thread 50
1 1000 100 2 thread 50
1 10000 100 2 thread 50
1 100000 100 2 thread 50
2 1000 1 2 thread 333.333
2 10000 1 2 thread 333.333
2 100000 1 2 thread 333.333
2 1000 10 2 thread 333.333
2 10000 10 2 thread 333.333
2 100000 10 2 thread 333.333
2 1000 100 2 thread 333.333
2 10000 100 2 thread 333.333
2 100000 100 2 thread 333.333
3 1000 1 2 thread 1.83908
3 10000 1 2 thread 1.83908
3 100000 1 2 thread 1.83907
3 1000 10 2 thread 1.83908
3 10000 10 2 thread 1.83908
3 100000 10 2 thread 1.83907
3 1000 100 2 thread 1.83908
3 10000 100 2 thread 1.83908
3 100000 100 2 thread 1.83907
4 1000 1 2 thread 12.1561
4 10000 1 2 thread 12.156
4 100000 1 2 thread 12.1558
4 1000 10 2 thread 12.1561
4 10000 10 2 thread 12.156
4 100000 10 2 thread 12.1558
4 1000 100 2 thread 12.1561
4 10000 100 2 thread 12.156
4 100000 100 2 thread 12.1558
1 1000 1 4 thread 50
1 10000 1 4 thread 50
1 100000 1 4 thread 50
1 1000 10 4 thread 50
1 10000 10 4 thread 50
1 100000 10 4 thread 50
1 1000 100 4 thread 50
1 10000 100 4 thread 50
1 100000 100 4 thread 50
2 1000 1 4 thread 333.333
2 10000 1 4 thread 333.333
2 100000 1 4 thread 333.333
2 1000 10 4 thread 333.333
2 10000 10 4 thread 333.333
2 100000 10 4 thread 333.333
2 1000 100 4 thread 333.333
2 10000 100 4 thread 333.333
2 100000 100 4 thread 333.333
3 1000 1 4 thread 1.83908
3 10000 1 4 thread 1.83907
3 100000 1 4 thread 1.83907
3 1000 10 4 thread 1.83908
3 10000 10 4 thread 1.83907
3 100000 10 4 thread 1.83907
3 1000 100 4 thread 1.83908
3 10000 100 4 thread 1.83907
3 100000 100 4 thread 1.83907
4 1000 1 4 thread 12.1561
4 10000 1 4 thread 12.156
4 100000 1 4 thread 12.1561
4 1000 10 4 thread 12.1561
4 10000 10 4 thread 12.156
4 100000 10 4 thread 12.1561
4 1000 100 4 thread 12.1561
4 10000 100 4 thread 12.156
4 100000 100 4 thread 12.1561
